grepped preprocessed data frequencies
——————————————————————————————————————————————————————————————
2016-09-20 03:07:21.291344 UTC
——————————————————————————————————————————————————————————————


——————————————————————————————————————————————————————————————
weak-strong-occurences
——————————————————————————————————————————————————————————————

grep pattern          grep-count      vendor/pattern-freq.txt    conform-pattern   not-conform-pattern        conform + not-conform


but not               338,692,100      41,587,189                   45,927,008        290,177,704               336,104,712
if not                201,296,202      16,202,125                   15,738,075          

although not            5,009,888       1,647,826                      160,986          4,808,753                 4,969,739
though not             10,924,322       1,771,651                      327,153         10,542,896                10,870,049


and|or even           177,450,431     292,616,581                    44,152,140       131,347,931              175,500,071
and|or almost          14,048,626      61,234,877                     5,207,801         8,816,399               14,024,200


not only              140,579,854         395,335                       379,849       139,572,889              139,952,738
not just              105,554,669         46,810                         45,258       104,660,027              104,705,285


——————————————————————————————————————————————————————————————
strong-weak-occurrences
——————————————————————————————————————————————————————————————

grep pattern          grep-count      vendor/pattern-freq.txt    conform-pattern   not-conform-pattern       conform + not-conform
 
just               2,525,516,540            2,081,419              2,626,373            2,467,859,344            2,470,485,717
but just               8,326,714                4,171                  1,193                8,301,455                8,302,648
still                786,940,861              190,926                162,295              774,579,593              774,741,888
but still             17,851,795                7,947                  4,499               17,779,478               17,783,977
although still           232,703                    0                      0                  231,846                  231,846
though still             566,405                    0                      0                  564,924                  564,924
or very                8,659,806              976,505              1,303,341                7,295,530                8,598,871



