grepped preprocessed data frequencies
——————————————————————————————————————————————————————————————
2016-09-20 03:07:21.291344 UTC
——————————————————————————————————————————————————————————————


——————————————————————————————————————————————————————————————————————————————————————————————————————————————————————————————————————
weak-strong-occurences
——————————————————————————————————————————————————————————————————————————————————————————————————————————————————————————————————————

grep pattern          vendor/pattern-freq.txt    conform-pattern   not-conform-pattern        conform + not-conform       raw grep

but not                41,587,189                    23,017,080        146,328,970               169,346,050             169,346,050    
if not                 16,202,125                     5,254,676         61,844,058                67,098,734              67,098,734    

although                1,647,826                      	160,986			210,330,189				  210,491,175	       	  210,491,175
though                  1,771,651                       327,214		  1,103,636,996				1,103,964,210		    1,103,964,210   

even                  292,616,581                   191,796,585       3,174,454,589             3,366,251,174           3,366,251,174	  
almost                 61,234,877                    41,506,861         168,158,622               209,665,483             209,665,483    

not only                 395,335                        379,849         140,200,005              140,579,854              140,579,854    
not just                  46,810                         45,258         10,5509,411              105,554,669              105,554,669    
  
Total                415,502,394                    280,357,407          

——————————————————————————————————————————————————————————————————————————————————————————————————————————————————————————————————————
strong-weak-occurrences
——————————————————————————————————————————————————————————————————————————————————————————————————————————————————————————————————————

grep pattern          vendor/pattern-freq.txt    conform-pattern   not-conform-pattern       conform + not-conform            raw grep
 
just                 	      2,081,419             2,627,272           2,522,889,268        2,525,516,540                 2,525,516,540 
but just                          4,171                 1,193               8,325,521            8,326,714                     8,326,714 
still                           190,926               162,425             786,778,436          786,940,861                   786,940,861 
but still                         7,947                 4,499              17,847,296           17,851,795                    17,851,795  
although still                        0     		        0                 232,703              232,703                       232,703 
though still                          0                     0                 566,405              566,405                       566,405 
or very                         976,505             1,317,774               7,342,032            8,659,806                	   8,659,806 

Total                         3,260,968             4,113,163



——————————————————————————————————————————————————————————————————————————————————————————————————————————————————————————————————————
alternate grepped files
——————————————————————————————————————————————————————————————————————————————————————————————————————————————————————————————————————

grep pattern          grep-count      vendor/pattern-freq.txt    conform-pattern   not-conform-pattern        conform + not-conform

although not            5,009,888       1,647,826                       160,986          4,848,902                 5,009,888
though not             10,924,322       1,771,651                       327,214         10,597,108                10,924,322
